1 0.21151234567901234 0.5721742112482854 0.2039506172839506 0.15411522633744848
0 0.519104938271605 0.42426954732510286 0.20117283950617282 0.1539506172839506
1 0.5187962962962962 0.2802023319615912 0.17975308641975296 0.15083676268861457
1 0.48682098765432097 0.17705418381344307 0.14586419753086416 0.11286008230452678
1 0.27438271604938275 0.3021227709190672 0.11753086419753092 0.08904663923182443
1 0.308641975308642 0.5022770919067215 0.12734567901234564 0.09792866941015092
1 0.7149382716049383 0.5381584362139917 0.12604938271604949 0.09231824417009601
1 0.646358024691358 0.4924897119341564 0.10327160493827157 0.08266803840877915
2 0.7047222222222221 0.649849108367627 0.14339506172839517 0.11732510288065853
2 0.5466358024691358 0.6280761316872427 0.1274691358024692 0.09978052126200278
1 0.3882407407407407 0.36462962962962964 0.12364197530864195 0.0977091906721536