1 0.20540123456790124 0.5191529492455419 0.21962962962962962 0.17716049382716043
0 0.5416975308641975 0.5442901234567902 0.21679012345679002 0.17613168724279832
1 0.5958333333333333 0.6740912208504801 0.1950617283950618 0.1688614540466393
1 0.6087962962962963 0.7780349794238683 0.15728395061728406 0.1286694101508917
1 0.36777777777777776 0.7410150891632373 0.1259259259259259 0.10164609053497947
1 0.3219135802469135 0.5473251028806584 0.13580246913580254 0.1112482853223595
1 0.6729629629629629 0.3691015089163237 0.13450617283950617 0.10565843621399175
1 0.6291358024691358 0.43569958847736623 0.11246913580246916 0.0937585733882031
2 0.6195987654320988 0.27175925925925926 0.15561728395061722 0.13137860082304528
2 0.48456790123456794 0.3486968449931413 0.1368518518518518 0.11313443072702335
1 0.44712962962962965 0.6433984910836763 0.13296296296296298 0.11021947873799717