1 0.5463888888888889 0.13319272976680382 0.1478806584362139 0.1973593964334705
0 0.44868312757201645 0.46482167352537723 0.1478189300411522 0.19458161865569262
1 0.3061213991769547 0.4859842249657065 0.14454732510288062 0.17233882030178324
1 0.19742798353909466 0.46897805212620025 0.1077572016460905 0.14151577503429355
1 0.2866872427983539 0.2363443072702332 0.0839917695473251 0.11356652949245542
1 0.4927880658436214 0.24157407407407405 0.09343621399176948 0.1219684499314129
1 0.5985082304526749 0.6455315500685871 0.08788065843621393 0.12192729766803849
1 0.5406481481481481 0.5830761316872427 0.0790534979423868 0.0996433470507546
2 0.7085288065843622 0.6181104252400549 0.11323045267489702 0.13785322359396424
2 0.6597016460905349 0.462218792866941 0.09528806584362133 0.12198216735253785
1 0.36864197530864196 0.34156378600823045 0.09335390946502055 0.11826474622770909