1 0.3296296296296296 0.43842592592592594 0.1875 0.12638888888888888
1 0.549074074074074 0.4351851851851852 0.18611111111111112 0.14212962962962963
1 0.4009259259259259 0.28379629629629627 0.18611111111111112 0.1486111111111111
1 0.4787037037037037 0.6055555555555555 0.15462962962962962 0.11712962962962963
1 0.33611111111111114 0.6236111111111111 0.14074074074074075 0.10324074074074074
1 0.4888888888888889 0.725925925925926 0.12824074074074074 0.08611111111111111
1 0.36157407407407405 0.7819444444444444 0.11388888888888889 0.07962962962962963
1 0.46620370370370373 0.8194444444444444 0.10138888888888889 0.0763888888888889
1 0.2412037037037037 0.7111111111111111 0.09861111111111111 0.08148148148148149
2 0.6351851851851852 0.20879629629629629 0.19212962962962962 0.16111111111111112
0 0.6388888888888888 0.9365740740740741 0.0625 0.05462962962962963
0 0.7837962962962963 0.8412037037037037 0.04861111111111111 0.04537037037037037
2 0.8944444444444445 0.5680555555555555 0.0763888888888889 0.05138888888888889
1 0.9037037037037037 0.6476851851851851 0.07037037037037037 0.03888888888888889