1 0.538425925925926 0.6875 0.18554869684499312 0.2212962962962963
1 0.5822908093278464 0.462037037037037 0.20045953360768182 0.22314814814814815
1 0.711920438957476 0.649537037037037 0.20698902606310013 0.22407407407407406
1 0.3950582990397805 0.49398148148148147 0.16613168724279834 0.18611111111111112
1 0.35011316872427983 0.6361111111111111 0.14762688614540467 0.1685185185185185
1 0.2704526748971193 0.45694444444444443 0.1263443072702332 0.15092592592592594
1 0.18851508916323734 0.5731481481481482 0.11534293552812071 0.13518518518518519
1 0.1709636488340192 0.45787037037037037 0.10911522633744855 0.12222222222222222
1 0.24249999999999997 0.7125 0.11272290809327848 0.12037037037037036
2 0.8323662551440328 0.42777777777777776 0.22140603566529501 0.23425925925925925
0 0.08299039780521263 0.2523148148148148 0.0687517146776406 0.07592592592592592
0 0.20518861454046639 0.12685185185185185 0.06145404663923183 0.06018518518518518
2 0.5095884773662552 0.07777777777777778 0.07507544581618651 0.09074074074074075
1 0.4275685871056241 0.04953703703703704 0.06070644718792866 0.08148148148148149