1 0.787283950617284 0.397201646090535 0.22741426611796986 0.17541152263374496
0 0.4417078189300412 0.5718621399176954 0.22371056241426615 0.1752469135802469
1 0.4320816186556927 0.7265123456790124 0.20121399176954735 0.16962962962962966
1 0.4564609053497942 0.8371707818930041 0.16274348422496573 0.1282098765432099
1 0.6982407407407406 0.6920576131687243 0.13065157750342923 0.10092592592592593
1 0.6749417009602194 0.4774588477366255 0.14144032921810692 0.11156378600823039
1 0.2380589849108368 0.45531893004115226 0.14018518518518516 0.10596707818930043
1 0.30873456790123455 0.5015843621399176 0.11539780521262007 0.09286008230452686
2 0.25867283950617287 0.33342592592592596 0.16018518518518518 0.13179012345679006
2 0.42944101508916327 0.3503086419753087 0.14155006858710564 0.11341563786008224
1 0.5781995884773662 0.6295164609053497 0.13768175582990386 0.1104732510288066