1 0.17407407407407408 0.5546296296296296 0.17962962962962964 0.12824074074074074
0 0.48194444444444445 0.44675925925925924 0.1763888888888889 0.12824074074074074
1 0.4986111111111111 0.3101851851851852 0.15648148148148147 0.12638888888888888
1 0.47962962962962963 0.20925925925925926 0.12824074074074074 0.09351851851851851
1 0.2638888888888889 0.3055555555555556 0.10324074074074074 0.07361111111111111
1 0.2740740740740741 0.4986111111111111 0.1111111111111111 0.08148148148148149
1 0.6555555555555556 0.575925925925926 0.1111111111111111 0.0763888888888889
1 0.5953703703703703 0.525 0.09074074074074075 0.06851851851851852
2 0.6328703703703704 0.6805555555555556 0.125 0.09861111111111111
2 0.48518518518518516 0.6430555555555556 0.1111111111111111 0.08287037037037037
1 0.3648148148148148 0.3763888888888889 0.10787037037037037 0.08148148148148149