1 0.12407407407407407 0.7782407407407408 0.10462962962962963 0.07175925925925926
1 0.5763888888888888 0.28379629629629627 0.10648148148148148 0.08287037037037037
1 0.5740740740740741 0.7263888888888889 0.11712962962962963 0.08425925925925926
1 0.8115740740740741 0.6087962962962963 0.09537037037037037 0.07037037037037037
1 0.7578703703703704 0.5532407407407407 0.1 0.0625
1 0.625 0.36944444444444446 0.09074074074074075 0.07361111111111111
1 0.4212962962962963 0.26944444444444443 0.07962962962962963 0.06388888888888888
1 0.7282407407407407 0.28888888888888886 0.09351851851851851 0.075
1 0.3680555555555556 0.6398148148148148 0.05787037037037037 0.04212962962962963
1 0.575 0.5444444444444444 0.08148148148148149 0.05787037037037037
1 0.4337962962962963 0.34629629629629627 0.07962962962962963 0.06111111111111111
1 0.5296296296296297 0.3625 0.08148148148148149 0.05925925925925926