1 0.25022633744855965 0.044015775034293554 0.09028806584362147 0.0818312757201646
1 0.7318895747599451 0.5658984910836763 0.10545953360768189 0.12461591220850492
1 0.248161865569273 0.5216666666666667 0.1079355281207133 0.13668038408779162
1 0.3453017832647462 0.7927572016460905 0.09089849108367629 0.11144718792866937
1 0.41294924554183815 0.739087791495199 0.08187928669410151 0.11593964334705081
1 0.6318038408779149 0.6107475994513032 0.09251028806584356 0.10684499314128941
1 0.7679903978052126 0.3968587105624143 0.0806790123456791 0.09279149519890266
1 0.7057030178326474 0.7313786008230453 0.09548010973936909 0.11058984910836764
1 0.37065157750342936 0.30386831275720166 0.0543347050754459 0.06649519890260627
1 0.44693072702331965 0.539437585733882 0.0742935528120713 0.09454732510288064
1 0.6824211248285322 0.40300411522633744 0.0769753086419752 0.0927366255144033
1 0.6515329218106996 0.5072565157750343 0.07614540466392315 0.09457475994513032