1 0.3127160493827161 0.6732716049382717 0.25154320987654316 0.20574074074074078
1 0.557253086419753 0.6323765432098766 0.2554320987654322 0.22259259259259268
1 0.4226543209876544 0.8308024691358025 0.2576543209876543 0.2282716049382716
1 0.44521604938271603 0.4575 0.21222222222222215 0.18283950617283953
1 0.2823456790123457 0.4661728395061729 0.19160493827160488 0.16395061728395055
1 0.4324074074074074 0.3217901234567901 0.17246913580246911 0.13962962962962958
1 0.27956790123456793 0.2846296296296296 0.1541975308641975 0.12827160493827158
1 0.38790123456790127 0.22209876543209878 0.1398148148148148 0.11993827160493824
1 0.16015432098765434 0.3878086419753087 0.13734567901234565 0.12438271604938264
2 0.6978086419753087 0.8677469135802469 0.26895061728395064 0.24561728395061727
0 0.5563888888888888 0.06638888888888889 0.08722222222222227 0.06388888888888888
0 0.7364506172839507 0.1346604938271605 0.06993827160493825 0.0673456790123457
2 0.9124691358024691 0.41703703703703704 0.10049382716049379 0.08320987654320978
1 0.9036111111111111 0.32669753086419756 0.08080246913580245 0.06438271604938268