1 0.1762894375857339 0.8541426611796982 0.09790809327846367 0.1258024691358026
1 0.7444410150891633 0.5158093278463648 0.11008916323731152 0.1292935528120714
1 0.2871673525377229 0.4111728395061729 0.11349108367626887 0.14149519890260628
1 0.43863168724279833 0.19907064471879288 0.09460219478738 0.11545267489711933
1 0.48923868312757196 0.2671467764060356 0.08733882030178329 0.11779149519890265
1 0.6618895747599451 0.44584019204389574 0.0962620027434843 0.11185871056241434
1 0.7389300411522635 0.6765603566529492 0.08540466392318241 0.09829218106995885
1 0.758110425240055 0.36108024691358026 0.0991838134430728 0.11480109739368997
1 0.3498559670781893 0.641042524005487 0.058086419753086434 0.06990397805212625
1 0.47493484224965704 0.4541460905349794 0.07892318244170092 0.09790809327846377
1 0.6616117969821673 0.6452091906721537 0.08165294924554187 0.0971467764060355
1 0.6572805212620026 0.543875171467764 0.07984910836762706 0.09796296296296292