1 0.8273148148148148 0.44537037037037036 0.17962962962962964 0.12824074074074074
0 0.5180555555555556 0.5546296296296296 0.1763888888888889 0.12824074074074074
1 0.5032407407407408 0.6898148148148148 0.15648148148148147 0.12638888888888888
1 0.5203703703703704 0.7907407407407407 0.12824074074074074 0.09351851851851851
1 0.7375 0.6944444444444444 0.10324074074074074 0.07361111111111111
1 0.725925925925926 0.5013888888888889 0.1111111111111111 0.08148148148148149
1 0.34444444444444444 0.42407407407407405 0.1111111111111111 0.0763888888888889
1 0.4046296296296296 0.475 0.09074074074074075 0.06851851851851852
2 0.36712962962962964 0.3194444444444444 0.125 0.09861111111111111
2 0.5162037037037037 0.35694444444444445 0.1111111111111111 0.08287037037037037
1 0.6351851851851852 0.6236111111111111 0.10787037037037037 0.08148148148148149