1 0.2949074074074074 0.9445301783264747 0.08981481481481482 0.09969135802469122
1 0.7915123456790123 0.4195507544581619 0.10339506172839492 0.12319615912208498
1 0.30256172839506174 0.4539849108367627 0.10697530864197528 0.13531550068587106
1 0.40651234567901234 0.18324759945130314 0.08870370370370366 0.11074759945130318
1 0.4751543209876543 0.23873456790123454 0.07981481481481485 0.11602880658436215
1 0.6909567901234568 0.37243141289437587 0.09203703703703713 0.10530178326474623
1 0.8247222222222222 0.5906652949245542 0.07925925925925917 0.09383401920438962
1 0.7683333333333333 0.25277777777777777 0.09413580246913567 0.1090603566529493
1 0.42172839506172843 0.6758984910836763 0.05253086419753088 0.06716735253772278
1 0.5038888888888889 0.44013374485596707 0.07277777777777769 0.09364197530864207
1 0.7383333333333333 0.5820919067215363 0.07641975308641973 0.09282578875171466
1 0.7113888888888888 0.47712620027434843 0.07462962962962955 0.09369684499314122