1 0.6491803840877916 0.5475891632373113 0.2134705075445816 0.17176954732510272
1 0.4251234567901235 0.5284876543209877 0.2155555555555555 0.18762002743484218
1 0.5493278463648834 0.6996742112482853 0.2165775034293553 0.19415637860082302
1 0.5266049382716049 0.36011659807956103 0.17805212620027436 0.15394375857338818
1 0.6756035665294925 0.35637517146776404 0.16207818930041135 0.1372702331961591
1 0.5377023319615912 0.23549382716049383 0.1460493827160494 0.11689300411522636
1 0.6771399176954732 0.19022633744855968 0.1301851851851851 0.10762688614540462
1 0.5774931412894375 0.14108710562414267 0.11715363511659815 0.10222908093278463
1 0.787349108367627 0.275744170096022 0.11534293552812061 0.10489711934156379
2 0.2978326474622771 0.7529698216735253 0.22511659807956103 0.2085390946502057
0 0.42223936899862824 0.018652263374485598 0.07403978052126207 0.037304526748971195
0 0.25867626886145406 0.08643347050754457 0.05727709190672154 0.057050754458161844
2 0.09740740740740741 0.35640946502057613 0.08801097393689987 0.07089849108367627
1 0.10186899862825789 0.27381001371742114 0.07854595336076818 0.05646090534979422