1 0.4185905349794239 0.31844307270233196 0.16938271604938276 0.22149519890260636
1 0.4587688614540466 0.5484739368998628 0.1851508916323732 0.2228875171467764
1 0.2725205761316873 0.4242489711934156 0.19258573388203018 0.22403292181069956
1 0.6205932784636489 0.44266460905349797 0.15349794238683132 0.1849451303155006
1 0.6109876543209877 0.29050068587105626 0.13631001371742119 0.16685871056241422
1 0.7484910836762689 0.42729080932784635 0.11550068587105637 0.151440329218107
1 0.7817935528120713 0.2845130315500686 0.10577503429355277 0.13542524005486967
1 0.8399451303155007 0.38612139917695476 0.10073388203017838 0.12139917695473249
1 0.6831035665294924 0.17530178326474624 0.10342935528120713 0.11870370370370369
2 0.24031893004115223 0.6823731138545954 0.20672153635116597 0.23277777777777786
0 0.981076817558299 0.5438511659807956 0.037846364883401935 0.07659122085048012
0 0.9265363511659808 0.7125480109739368 0.057256515775034385 0.05905349794238688
2 0.6627914951989026 0.8816152263374485 0.06930041152263373 0.09086419753086408
1 0.7487791495198902 0.8748971193415638 0.054211248285322346 0.08116598079561038