1 0.6717592592592593 0.5615740740740741 0.1875 0.12638888888888888
1 0.45092592592592595 0.5648148148148148 0.18611111111111112 0.14212962962962963
1 0.5990740740740741 0.7162037037037037 0.18611111111111112 0.1486111111111111
1 0.5212962962962963 0.3962962962962963 0.15462962962962962 0.11712962962962963
1 0.6638888888888889 0.37824074074074077 0.14074074074074075 0.10324074074074074
1 0.5125 0.2740740740740741 0.12824074074074074 0.08611111111111111
1 0.6398148148148148 0.21805555555555556 0.11388888888888889 0.07962962962962963
1 0.5351851851851852 0.18194444444444444 0.10138888888888889 0.0763888888888889
1 0.7587962962962963 0.29074074074074074 0.09861111111111111 0.08148148148148149
2 0.3648148148148148 0.7912037037037037 0.19212962962962962 0.16111111111111112
0 0.3611111111111111 0.06342592592592593 0.0625 0.05462962962962963
0 0.2162037037037037 0.1587962962962963 0.04861111111111111 0.04537037037037037
2 0.10555555555555556 0.4337962962962963 0.0763888888888889 0.05138888888888889
1 0.0962962962962963 0.3523148148148148 0.07037037037037037 0.03888888888888889