1 0.16895404663923183 0.42962962962962964 0.1909190672153635 0.14403292181069968
0 0.4887722908093279 0.5368312757201646 0.1872016460905349 0.14296982167352537
1 0.505216049382716 0.6775034293552812 0.16680384087791505 0.14036351165980798
1 0.48546296296296293 0.7824588477366256 0.13665294924554194 0.10408093278463647
1 0.2621673525377229 0.6869684499314128 0.1094855967078189 0.08179012345679026
1 0.27262345679012345 0.48600823045267494 0.11794238683127568 0.09043209876543196
1 0.6692181069958847 0.3976680384087792 0.11694787379972577 0.08576817558299034
1 0.6065603566529493 0.45186899862825786 0.09645404663923185 0.07668038408779146
2 0.6458401920438958 0.28921467764060355 0.13301783264746223 0.10857338820301782
2 0.4926783264746228 0.3314814814814815 0.11796982167352536 0.09228395061728392
1 0.36665980795610426 0.6112997256515775 0.1151646090534979 0.09032921810699598