1 0.7869444444444446 0.85570987654321 0.07932098765432084 0.11680384087791507
1 0.24890946502057615 0.4123628257887517 0.09139917695473251 0.11954732510288063
1 0.7211831275720164 0.3796982167352537 0.09259259259259259 0.13165294924554186
1 0.5896296296296296 0.13578532235939644 0.07726337448559661 0.10740740740740741
1 0.5302572016460905 0.19768518518518519 0.06903292181069969 0.11141975308641978
1 0.3394238683127572 0.3537208504801097 0.07991769547325105 0.10205761316872423
1 0.23731481481481478 0.5792352537722909 0.0704115226337449 0.09026063100137158
1 0.25087448559670783 0.2503772290809328 0.08185185185185183 0.10589849108367633
1 0.6334773662551441 0.6064643347050754 0.0458024691358025 0.06440329218107005
1 0.5271810699588478 0.39314128943758575 0.063045267489712 0.09156378600823048
1 0.3189609053497942 0.5597393689986282 0.06670781893004119 0.0899862825788752
1 0.33242798353909464 0.456258573388203 0.06489711934156385 0.09170096021947877