1 0.5216152263374485 0.09601851851851852 0.15989711934156375 0.19203703703703703
0 0.43589506172839504 0.43380658436213987 0.15989711934156375 0.20520576131687246
1 0.28797325102880655 0.4630452674897119 0.15613168724279838 0.18292181069958846
1 0.17529835390946502 0.45118312757201645 0.11761316872427985 0.1487654320987654
1 0.25805555555555554 0.2069753086419753 0.09129629629629632 0.11858024691358024
1 0.47009259259259256 0.20226337448559673 0.10100823045267486 0.12897119341563787
1 0.595432098765432 0.613775720164609 0.09637860082304534 0.1288683127572018
1 0.5333539094650205 0.5516666666666666 0.08609053497942375 0.10551440329218124
2 0.7074794238683128 0.5802366255144032 0.12207818930041152 0.14516460905349798
2 0.6508436213991768 0.4216152263374485 0.10286008230452681 0.12901234567901226
1 0.34656378600823046 0.3111316872427984 0.10084362139917699 0.12526748971193416