2 0.5340946502057613 0.2671296296296296 0.2113168724279835 0.1712962962962963
2 0.7635493827160493 0.29444444444444445 0.2184362139917695 0.1648148148148148
2 0.26069958847736624 0.36574074074074076 0.2057201646090535 0.17037037037037037
2 0.5460699588477367 0.4115740740740741 0.19726337448559675 0.1675925925925926
2 0.46337448559670785 0.5925925925925926 0.1511316872427983 0.12962962962962962
2 0.595380658436214 0.5314814814814814 0.17211934156378583 0.14351851851851852
2 0.27779835390946506 0.5837962962962963 0.1412551440329218 0.11574074074074074
2 0.7669135802469136 0.5263888888888889 0.1717489711934156 0.13518518518518519
2 0.2506172839506173 0.4722222222222222 0.17718106995884778 0.13240740740740742
1 0.7967489711934156 0.6351851851851852 0.13444444444444428 0.10833333333333334
1 0.8237654320987654 0.7430555555555556 0.10209876543209875 0.08888888888888889
2 0.3996090534979424 0.1787037037037037 0.2437242798353909 0.1712962962962963