2 0.5337139917695473 0.3052469135802469 0.21098765432098776 0.16992455418381341
2 0.2889711934156378 0.3016941015089163 0.2208024691358025 0.16189300411522634
2 0.8244650205761317 0.4493312757201647 0.20353909465020584 0.16877914951989026
2 0.5192078189300411 0.45739368998628255 0.19512345679012347 0.1666803840877915
2 0.6041255144032921 0.6619581618655692 0.15004115226337453 0.13020576131687248
2 0.4639917695473251 0.5778189300411523 0.17187242798353913 0.1428737997256517
2 0.8023456790123457 0.6798525377229081 0.14012345679012359 0.11511659807956107
2 0.2818827160493827 0.5479183813443073 0.17331275720164613 0.1336694101508916
2 0.8333539094650206 0.5661076817558298 0.17777777777777778 0.13010288065843606
1 0.24801440329218108 0.6597290809327845 0.1342798353909465 0.10847050754458173
1 0.2173456790123457 0.7707098765432099 0.10012345679012345 0.0889643347050754
2 0.6797119341563785 0.2300480109739369 0.2460082304526749 0.16726337448559672