2 0.709670781893004 0.5332373113854596 0.19257201646090522 0.2152331961591221
2 0.6609499314128944 0.7672256515775034 0.18749657064471884 0.22445130315500683
2 0.6326406035665295 0.24135116598079562 0.19135802469135788 0.20967078189300412
2 0.56059670781893 0.5321330589849108 0.1881481481481482 0.20131687242798355
2 0.3819615912208505 0.43123456790123454 0.14588477366255143 0.15379972565157748
2 0.4329972565157751 0.5724074074074075 0.1618518518518518 0.17613168724279832
2 0.4071536351165981 0.2401440329218107 0.13146776406035665 0.1435116598079561
2 0.4224142661179699 0.7497119341563786 0.15351851851851847 0.17606995884773663
2 0.5243415637860083 0.2220233196159122 0.1509807956104253 0.180679012345679
1 0.30783607681755826 0.7710939643347051 0.12279835390946506 0.13696844993141283
1 0.19527777777777774 0.7892489711934156 0.09884773662551444 0.10347050754458165
2 0.8128086419753087 0.4020061728395062 0.19707818930041152 0.24858710562414268