2 0.4875 0.2740740740740741 0.1814814814814815 0.14212962962962963
2 0.7138888888888889 0.2657407407407407 0.19074074074074074 0.13425925925925927
2 0.23148148148148148 0.4134259259259259 0.175 0.14212962962962963
2 0.5148148148148148 0.41388888888888886 0.16712962962962963 0.14074074074074075
2 0.4546296296296296 0.6046296296296296 0.12824074074074074 0.10925925925925926
2 0.5763888888888888 0.524074074074074 0.14675925925925926 0.12037037037037036
2 0.2726851851851852 0.625 0.12037037037037036 0.09675925925925925
2 0.7430555555555556 0.4930555555555556 0.1486111111111111 0.1111111111111111
2 0.2337962962962963 0.5212962962962963 0.15462962962962962 0.10787037037037037
1 0.7842592592592592 0.5953703703703703 0.11574074074074074 0.09074074074074075
1 0.8226851851851852 0.6967592592592593 0.08611111111111111 0.075
2 0.34629629629629627 0.20787037037037037 0.21388888888888888 0.1375