2 0.7248182441700959 0.5242935528120712 0.1922085048010975 0.22547325102880664
2 0.7739883401920439 0.28116598079561045 0.18583676268861454 0.2328326474622771
2 0.52900548696845 0.7742043895747599 0.19117283950617286 0.21805898491083672
2 0.5776851851851853 0.4667283950617284 0.18733196159122076 0.20877229080932788
2 0.3605246913580247 0.49428326474622775 0.14495198902606307 0.16031550068587105
2 0.46944444444444444 0.3784362139917695 0.16102194787379975 0.1826543209876543
2 0.306440329218107 0.6869170096021948 0.12998628257887523 0.15002057613168737
2 0.532136488340192 0.2043827160493827 0.1517626886145405 0.18258573388203017
2 0.4124519890260631 0.7497325102880659 0.1490809327846365 0.18904663923182444
1 0.4284053497942387 0.13926954732510285 0.1224965706447188 0.14441015089163234
1 0.32472908093278463 0.07786008230452675 0.09881344307270233 0.10812757201646092
2 0.7721810699588477 0.6903669410150891 0.1945679012345678 0.25974622770919076