0 0.8006172839506174 0.7332201646090535 0.3209602194787378 0.24236625514403284
0 0.48600480109739363 0.7827572016460905 0.35146090534979424 0.24279835390946497
0 0.16608710562414267 0.8346707818930041 0.33217421124828533 0.2573045267489712
0 0.8043278463648834 0.5303497942386832 0.32683813443072723 0.23246913580246908
0 0.48593621399176956 0.5657407407407408 0.3625240054869685 0.2580658436213993
0 0.1637002743484225 0.6096707818930042 0.327400548696845 0.26954732510288065
0 0.7996776406035666 0.3283127572016461 0.31910150891632366 0.2265843621399177
0 0.5028326474622772 0.35074074074074074 0.32318930041152244 0.23323045267489714
0 0.7962517146776407 0.1289917695473251 0.3220438957475995 0.22948559670781893
0 0.4805109739368999 0.14302469135802467 0.3473799725651578 0.2518518518518518
2 0.16550068587105624 0.16810699588477368 0.3303772290809328 0.2298559670781893
2 0.18161179698216734 0.37933127572016456 0.3625240054869684 0.25806584362139917