0 0.20787037037037037 0.8412037037037037 0.2064814814814815 0.30787037037037035
0 0.18981481481481483 0.5263888888888889 0.20462962962962963 0.31851851851851853
0 0.1712962962962963 0.2 0.21712962962962962 0.3314814814814815
0 0.4064814814814815 0.8337962962962963 0.19675925925925927 0.2953703703703704
0 0.4013888888888889 0.525 0.21851851851851853 0.3282407407407407
0 0.3912037037037037 0.18888888888888888 0.22962962962962963 0.34074074074074073
0 0.6037037037037037 0.8282407407407407 0.19212962962962962 0.2875
0 0.6101851851851852 0.5398148148148149 0.1986111111111111 0.29212962962962963
0 0.7986111111111112 0.8236111111111111 0.1935185185185185 0.29074074074074074
0 0.8148148148148148 0.5171296296296296 0.21388888888888888 0.3125
2 0.8203703703703704 0.21157407407407408 0.1935185185185185 0.2986111111111111
2 0.6125 0.22824074074074074 0.21851851851851853 0.3282407407407407