0 0.15 0.5115740740740741 0.125 0.15787037037037038
0 0.38842592592592595 0.5296296296296297 0.09537037037037037 0.1375
0 0.6453703703703704 0.41944444444444445 0.10324074074074074 0.13287037037037036
0 0.7296296296296296 0.5657407407407408 0.10648148148148148 0.15648148148148147
0 0.38842592592592595 0.24675925925925926 0.10138888888888889 0.14675925925925926
0 0.7180555555555556 0.2351851851851852 0.10462962962962963 0.15138888888888888
0 0.18194444444444444 0.0837962962962963 0.10787037037037037 0.13287037037037036
0 0.8763888888888889 0.4361111111111111 0.10648148148148148 0.13425925925925927
0 0.4986111111111111 0.41574074074074074 0.0875 0.11574074074074074
0 0.23657407407407408 0.4013888888888889 0.10138888888888889 0.1375
0 0.6509259259259259 0.12731481481481483 0.10462962962962963 0.12638888888888888
0 0.8532407407407407 0.14907407407407408 0.09675925925925925 0.12638888888888888
0 0.85 0.25555555555555554 0.0875 0.12361111111111112
0 0.9523148148148148 0.5546296296296296 0.09537037037037037 0.15
0 0.26342592592592595 0.2388888888888889 0.10138888888888889 0.13425925925925927
0 0.06851851851851852 0.1486111111111111 0.09074074074074075 0.12824074074074074
0 0.2763888888888889 0.11481481481481481 0.1 0.12962962962962962
0 0.95 0.13148148148148148 0.09675925925925925 0.14675925925925926