0 0.6888888888888889 0.6194444444444445 0.15648148148148147 0.23287037037037037
0 0.2935185185185185 0.3787037037037037 0.1935185185185185 0.2513888888888889
0 0.5638888888888889 0.18981481481481483 0.19074074074074074 0.25462962962962965
0 0.7759259259259259 0.45694444444444443 0.15787037037037038 0.22037037037037038
0 0.6990740740740741 0.3013888888888889 0.15138888888888888 0.2125
2 0.30092592592592593 0.6685185185185185 0.14212962962962963 0.22824074074074074
2 0.43287037037037035 0.7407407407407407 0.15 0.1935185185185185
2 0.4064814814814815 0.27824074074074073 0.15648148148148147 0.24351851851851852
2 0.4101851851851852 0.5157407407407407 0.1763888888888889 0.2375
0 0.5837962962962963 0.45092592592592595 0.17037037037037037 0.22361111111111112
2 0.5444444444444444 0.6444444444444445 0.1361111111111111 0.18888888888888888