0 0.251423182441701 0.7137482853223593 0.0512345679012345 0.06941015089163245
0 0.2911351165980796 0.71 0.051097393689986316 0.0675582990397806
0 0.2708333333333333 0.7623525377229081 0.04948559670781894 0.05824417009602198
0 0.3867455418381345 0.029626200274348424 0.036042524005486916 0.050994513031550066
0 0.38467078189300413 0.18366255144032922 0.030246913580246983 0.03497942386831275
1 0.1607681755829904 0.0611522633744856 0.03549382716049386 0.04358710562414266
1 0.17789780521262005 0.8510939643347052 0.04200960219478739 0.05687928669410162
0 0.13948902606310015 0.8724348422496572 0.05174897119341566 0.06390946502057625
2 0.43871742112482853 0.12233539094650207 0.02448559670781894 0.03187242798353909
1 0.3311385459533608 0.1263854595336077 0.02839506172839513 0.034869684499314144
2 0.1417866941015089 0.024612482853223594 0.03854595336076822 0.04745541838134431
1 0.2984396433470507 0.030209190672153635 0.030006858710562398 0.044183813443072706
0 0.4256172839506173 0.17147119341563788 0.023422496570644727 0.029965706447187934