0 0.20787037037037037 0.16018518518518518 0.2064814814814815 0.30787037037037035
0 0.18981481481481483 0.475 0.20462962962962963 0.31851851851851853
0 0.1712962962962963 0.8 0.21712962962962962 0.3314814814814815
0 0.4064814814814815 0.16620370370370371 0.19675925925925927 0.2953703703703704
0 0.4013888888888889 0.47638888888888886 0.21851851851851853 0.3282407407407407
0 0.3912037037037037 0.8111111111111111 0.22962962962962963 0.34074074074074073
0 0.6037037037037037 0.17175925925925925 0.19212962962962962 0.2875
0 0.6101851851851852 0.4615740740740741 0.1986111111111111 0.29212962962962963
0 0.7986111111111112 0.17824074074074073 0.1935185185185185 0.29074074074074074
0 0.8148148148148148 0.4828703703703704 0.21388888888888888 0.3125
2 0.8203703703703704 0.7898148148148149 0.1935185185185185 0.2986111111111111
2 0.6125 0.7717592592592593 0.21851851851851853 0.3282407407407407