0 0.4016769547325103 0.8598868312757202 0.1878395061728394 0.16930041152263373
0 0.48586419753086424 0.6374794238683128 0.16024691358024687 0.1347736625514404
0 0.45168724279835387 0.36115226337448564 0.15853909465020571 0.14117283950617288
0 0.6147427983539094 0.3225205761316872 0.18189300411522624 0.15146090534979426
0 0.21434156378600822 0.5521913580246913 0.17061728395061726 0.14355967078189305
0 0.29555555555555557 0.2341872427983539 0.17720164609053493 0.14847736625514407
0 0.039753086419753086 0.7016152263374487 0.07950617283950617 0.14211934156378617
0 0.5324897119341563 0.14508230452674897 0.1604732510288066 0.1449588477366255
0 0.4073971193415638 0.4982098765432098 0.13679012345679015 0.11985596707818921
0 0.32038065843621394 0.7436625514403292 0.16131687242798348 0.14129629629629623
0 0.17155349794238683 0.26713991769547324 0.15203703703703708 0.13995884773662554
0 0.250298353909465 0.08110082304526749 0.14909465020576132 0.13242798353909463
0 0.3524382716049383 0.1143724279835391 0.14516460905349798 0.12207818930041155
0 0.6681893004115226 0.10708847736625515 0.17234567901234557 0.13808641975308641
0 0.1718827160493827 0.66940329218107 0.1594444444444445 0.14028806584362125
0 0.05260288065843621 0.828641975308642 0.10520576131687243 0.1258024691358026
0 0.06656378600823044 0.6194341563786008 0.1331275720164609 0.13701646090534966
0 0.25979423868312757 0.029156378600823048 0.16744855967078187 0.0425925925925926