0 0.26157407407407407 0.25555555555555554 0.05462962962962963 0.03611111111111111
0 0.2657407407407407 0.2898148148148148 0.05324074074074074 0.03611111111111111
0 0.21944444444444444 0.2726851851851852 0.04537037037037037 0.03611111111111111
0 0.8625 0.36574074074074076 0.040740740740740744 0.025
0 0.7282407407407407 0.36574074074074076 0.02824074074074074 0.02175925925925926
0 0.9148148148148149 0.22268518518518518 0.04212962962962963 0.02638888888888889
1 0.8296296296296296 0.1685185185185185 0.03425925925925926 0.025
1 0.1398148148148148 0.19305555555555556 0.04537037037037037 0.02962962962962963
0 0.12037037037037036 0.15925925925925927 0.05 0.0375
2 0.7828703703703703 0.4115740740740741 0.025 0.01712962962962963
1 0.7763888888888889 0.31805555555555554 0.02824074074074074 0.020370370370370372
1 0.9148148148148149 0.12361111111111112 0.04212962962962963 0.03148148148148148
2 0.8611111111111112 0.15138888888888888 0.0375 0.02824074074074074
1 0.8601851851851852 0.2884259259259259 0.03611111111111111 0.020370370370370372
0 0.9625 0.23287037037037037 0.040740740740740744 0.03148148148148148
0 0.7398148148148148 0.4009259259259259 0.02361111111111111 0.01712962962962963