0 0.2844341563786008 0.3828086419753086 0.22074074074074082 0.2765294924554184
0 0.6503566529492455 0.7124965706447188 0.2656515775034294 0.3037037037037037
0 0.3223525377229081 0.8564591906721536 0.26025377229080937 0.2870816186556927
0 0.15580589849108367 0.541176268861454 0.22011659807956105 0.2644924554183814
0 0.20251028806584362 0.7212208504801098 0.2122290809327846 0.2551783264746228
2 0.7082990397805213 0.3989163237311385 0.20471193415637867 0.27085733882030183
2 0.584269547325103 0.2988854595336077 0.20561728395061724 0.2347668038408779
2 0.5078086419753087 0.799900548696845 0.22326474622770917 0.289506172839506
2 0.557681755829904 0.5436899862825789 0.24436899862825792 0.28596021947873806
0 0.3582990397805213 0.5838957475994513 0.23521947873799728 0.2701577503429355
2 0.4438134430727023 0.3816735253772291 0.19041838134430722 0.2272496570644719