0 0.6888888888888889 0.38055555555555554 0.15648148148148147 0.23287037037037037
0 0.2935185185185185 0.6226851851851852 0.1935185185185185 0.2513888888888889
0 0.5638888888888889 0.8115740740740741 0.19074074074074074 0.25462962962962965
0 0.7759259259259259 0.5430555555555555 0.15787037037037038 0.22037037037037038
0 0.6990740740740741 0.6986111111111111 0.15138888888888888 0.2125
2 0.30092592592592593 0.3314814814814815 0.14212962962962963 0.22824074074074074
2 0.43287037037037035 0.25925925925925924 0.15 0.1935185185185185
2 0.4064814814814815 0.7236111111111111 0.15648148148148147 0.24351851851851852
2 0.4101851851851852 0.4842592592592593 0.1763888888888889 0.2375
0 0.5837962962962963 0.5509259259259259 0.17037037037037037 0.22361111111111112
2 0.5444444444444444 0.35555555555555557 0.1361111111111111 0.18888888888888888