0 0.27957818930041156 0.836622085048011 0.2630658436213992 0.32099451303155
0 0.21395747599451304 0.5207407407407407 0.26580932784636496 0.35803155006858706
0 0.1462105624142661 0.18868312757201647 0.27870370370370373 0.35748971193415635
0 0.4877914951989026 0.822565157750343 0.2537722908093279 0.3327297668038408
0 0.43583676268861454 0.4969993141289437 0.28144718792866946 0.36958161865569283
0 0.37671467764060357 0.16902434842249658 0.2902606310013718 0.33804869684499317
0 0.6941529492455418 0.7960356652949245 0.24660493827160507 0.3232784636488338
0 0.6566700960219478 0.4904561042524006 0.2544924554183812 0.3299794238683127
0 0.8859567901234567 0.7691529492455419 0.22808641975308655 0.3279903978052125
0 0.8654749657064472 0.4470816186556928 0.26905006858710545 0.35272290809327844
2 0.8273319615912208 0.14606995884773663 0.24910836762688607 0.29213991769547326
2 0.6120884773662552 0.17449931412894376 0.28144718792866946 0.3489986282578875