0 0.9150411522633746 0.5919753086419753 0.1618106995884773 0.1937928669410151
0 0.6677674897119341 0.5205932784636489 0.12644032921810708 0.1662551440329217
0 0.3897222222222222 0.5770576131687243 0.1336419753086419 0.16217421124828543
0 0.31488683127572015 0.40908779149519886 0.14123456790123454 0.1876543209876544
0 0.6396090534979424 0.8110596707818929 0.13425925925925927 0.17606310013717433
0 0.2940432098765432 0.7499314128943758 0.1391769547325103 0.1828875171467766
0 0.8382716049382716 0.9715020576131687 0.1364197530864199 0.056995884773662644
0 0.14949588477366255 0.5085048010973937 0.13742798353909463 0.16430041152263364
0 0.5417592592592592 0.6132373113854596 0.11333333333333341 0.1412894375857339
0 0.8140329218106996 0.6864711934156379 0.13292181069958858 0.16673525377229087
0 0.35509259259259257 0.8776577503429355 0.133395061728395 0.15661865569272967
0 0.14529835390946502 0.8085905349794239 0.12594650205761318 0.15514403292181078
0 0.15799382716049382 0.6997085048010975 0.1155144032921811 0.1488340192043897
0 0.08100823045267488 0.3691529492455419 0.12882716049382714 0.17842935528120712
0 0.7699691358024692 0.8474794238683128 0.1318724279835391 0.1638888888888889
0 0.9517078189300412 0.9531807270233197 0.09430041152263373 0.0936385459533607
0 0.7431995884773662 0.9464163237311385 0.12977366255144035 0.10716735253772303
0 0.06861111111111112 0.8066015089163237 0.07318930041152263 0.1724622770919066