0 0.3565877914951989 0.6582887517146777 0.26493141289437583 0.19925240054869678
0 0.65570987654321 0.2820164609053498 0.29053497942386836 0.24036351165980796
0 0.8157921810699589 0.5852674897119341 0.29327160493827165 0.23762688614540473
0 0.5128909465020576 0.7689609053497942 0.25195473251028805 0.1981344307270233
0 0.6828875171467763 0.709948559670782 0.24257201646090523 0.1896639231824418
2 0.35612139917695473 0.2517249657064472 0.2582167352537723 0.18341563786008228
2 0.26446159122085044 0.37857338820301784 0.22399862825788755 0.1856858710562414
2 0.7446810699588478 0.41128257887517145 0.2769821673525377 0.2003566529492455
2 0.499320987654321 0.384355281207133 0.2726406035665295 0.21973251028806587
0 0.5442352537722908 0.5716941015089163 0.2567764060356652 0.21116598079561047
2 0.34924554183813444 0.5065123456790123 0.2163580246913581 0.16983539094650205