0 0.23843621399176956 0.8430555555555556 0.04725651577503432 0.06481481481481481
0 0.27559670781893003 0.8347222222222223 0.046303155006858714 0.06296296296296296
0 0.26136145404663924 0.8893518518518518 0.0452400548696845 0.053703703703703705
0 0.30028806584362144 0.16805555555555557 0.03312071330589843 0.04814814814814815
0 0.31339163237311385 0.3148148148148148 0.02735939643347049 0.03425925925925926
0 0.13657407407407407 0.125 0.03498628257887517 0.049074074074074076
1 0.08554183813443073 0.22592592592592592 0.03208504801097394 0.040740740740740744
1 0.18132716049382713 0.9791666666666666 0.03858024691358021 0.041666666666666664
0 0.14597736625514404 0.9902777777777778 0.04751028806584364 0.019444444444444445
2 0.3592729766803841 0.2490740740740741 0.021735253772290738 0.02962962962962963
1 0.25623456790123456 0.26666666666666666 0.0254938271604938 0.03333333333333333
1 0.026680384087791498 0.13657407407407407 0.04055555555555555 0.05
2 0.06335048010973937 0.1925925925925926 0.03676954732510288 0.044444444444444446
1 0.21493141289437584 0.17962962962962964 0.026543209876543176 0.041666666666666664
0 0.14290466392318246 0.07268518518518519 0.04054183813443073 0.049074074074074076
0 0.3516083676268862 0.29768518518518516 0.021707818930041162 0.027777777777777776