0 0.2314883401920439 0.2255692729766804 0.044458161865569286 0.06422496570644719
0 0.27032235939643345 0.22857338820301784 0.04440329218106993 0.062373113854595284
0 0.2500857338820302 0.17653978052126199 0.04412894375857335 0.05311385459533608
0 0.36899519890260635 0.8862379972565159 0.031954732510288124 0.048127572016460785
0 0.36548696844993145 0.7387825788751714 0.026886145404663952 0.03317558299039779
0 0.21188614540466394 0.9496982167352538 0.03386145404663923 0.05003429355281199
1 0.15023662551440328 0.8565877914951988 0.030809327846364875 0.0406927297668037
1 0.15945816186556927 0.09183813443072703 0.03764746227709192 0.052921810699588484
0 0.12207133058984912 0.07126886145404665 0.04614540466392317 0.05872427983539094
2 0.4179389574759945 0.7982578875171468 0.021220850480109785 0.02930727023319622
1 0.3142764060356653 0.7937962962962962 0.025034293552812097 0.033120713305898636
1 0.10246227709190672 0.9520164609053497 0.03938957475994513 0.04927297668038414
2 0.13205075445816186 0.8917283950617283 0.03462277091906719 0.044506172839506114
1 0.28329218106995885 0.8855521262002742 0.025281207133058998 0.041454046639231974
0 0.22454046639231826 0.9877434842249657 0.03796982167352538 0.024513031550068516
0 0.4049725651577504 0.7510733882030178 0.020240054869684502 0.02742798353909469