0 0.8579423868312758 0.31742112482853224 0.28411522633744857 0.41076817558299045
0 0.6548045267489712 0.32400548696844994 0.29631687242798366 0.3650205761316873
0 0.4827572016460905 0.1685528120713306 0.3192181069958847 0.3371056241426612
0 0.2552880658436214 0.2766632373113855 0.34855967078189304 0.3965363511659809
0 0.7979835390946501 0.8223079561042524 0.2688477366255145 0.30853909465020574
0 0.5925205761316873 0.8215706447187928 0.296440329218107 0.3262002743484223
0 0.3915534979423868 0.7863511659807955 0.2741563786008231 0.3447873799725652
0 0.20762345679012348 0.7588477366255144 0.23654320987654323 0.2888545953360769
0 0.7776234567901233 0.5833161865569273 0.3246502057613169 0.3161522633744855
0 0.2690946502057613 0.5455761316872428 0.3234362139917696 0.30963648834019203
0 0.4373559670781893 0.39790809327846366 0.2665637860082305 0.27794924554183814
0 0.5375411522633745 0.5861796982167352 0.2887037037037037 0.31851851851851853