0 0.936358024691358 0.46092592592592596 0.12728395061728398 0.19962962962962966
0 0.6845541838134431 0.47478395061728396 0.1359670781893004 0.1722427983539096
0 0.41240054869684495 0.6384465020576132 0.14402606310013716 0.167798353909465
0 0.2882304526748971 0.48312757201646095 0.1521536351165981 0.19572016460905345
0 0.738045267489712 0.798559670781893 0.14403292181069968 0.18351851851851855
0 0.3643758573388203 0.8606378600823045 0.1490466392318244 0.19010288065843622
0 0.964900548696845 0.9069238683127572 0.07019890260630998 0.07125514403292178
0 0.14535665294924552 0.6536522633744856 0.14789437585733883 0.1706584362139918
0 0.5805864197530864 0.6212654320987655 0.12239368998628261 0.1460493827160494
0 0.881968449931413 0.59880658436214 0.14250342935528124 0.17331275720164602
0 0.45686899862825786 0.9429526748971193 0.13626200274348424 0.09919753086419741
0 0.2226097393689986 0.9481584362139919 0.13070644718792868 0.09907407407407408
0 0.2092798353909465 0.8562037037037038 0.12479423868312757 0.15534979423868317
0 0.06539780521262002 0.524701646090535 0.07910836762688615 0.18022633744855962
0 0.8821330589849108 0.7893312757201647 0.1422839506172838 0.16960905349794253
0 0.886159122085048 0.9042078189300412 0.1301097393689988 0.10460905349794226
0 0.13712962962962963 0.9607201646090535 0.07944444444444446 0.07666666666666684