0 0.7442078189300412 0.18455075445816188 0.256028806584362 0.32328532235939644
0 0.796042524005487 0.5013717421124829 0.25545267489711937 0.37047325102880657
0 0.8482304526748972 0.8267918381344308 0.2674005486968448 0.3464163237311385
0 0.5343998628257888 0.18835733882030178 0.2441495198902607 0.3441358024691358
0 0.5713168724279836 0.5185185185185185 0.27127572016460894 0.3821673525377228
0 0.6146982167352538 0.8371742112482853 0.2793964334705076 0.3256515775034293
0 0.3249314128943759 0.2088477366255144 0.23852537722908096 0.33467078189300414
0 0.34811385459533606 0.5176611796982168 0.24504801097393697 0.34046639231824416
0 0.11968621399176955 0.22901234567901235 0.2393724279835391 0.338443072702332
0 0.13342935528120714 0.5546296296296296 0.26374485596707825 0.3652263374485596
2 0.1594170096021948 0.8545610425240054 0.24105624142661178 0.2908779149519891
2 0.37815843621399176 0.8282407407407407 0.27113168724279835 0.3435185185185185