0 0.7463820301783265 0.2502709190672154 0.059807956104252415 0.04154320987654322
0 0.7381515775034293 0.28519890260631003 0.05795610425240057 0.04148834019204396
0 0.7868312757201646 0.269420438957476 0.04958847736625524 0.04031550068587114
0 0.13273319615912207 0.3368964334705076 0.04362139917695476 0.029039780521261955
0 0.2671124828532236 0.3421639231824417 0.03052126200274346 0.024951989026063166
0 0.0955761316872428 0.19139917695473252 0.045541838134430704 0.030946502057613165
1 0.18672839506172842 0.1401406035665295 0.038065843621399156 0.028875171467764093
1 0.8747770919067215 0.1923593964334705 0.04842249657064473 0.03380658436213992
0 0.8977366255144033 0.15930727023319616 0.05432098765432106 0.0432304526748971
2 0.20764746227709188 0.38693415637860085 0.026611796982167372 0.019286694101508895
1 0.2240912208504801 0.29256858710562417 0.029526748971193388 0.023072702331961636
1 0.10622427983539096 0.09119341563786007 0.0457133058984911 0.035576131687242794
2 0.1573559670781893 0.1215877914951989 0.040946502057613125 0.0317352537722908
1 0.14348422496570645 0.25888545953360764 0.03789437585733882 0.024245541838134464
0 0.04718792866941015 0.19930727023319617 0.04386145404663924 0.03552126200274349
0 0.25193758573388203 0.3772976680384088 0.02568587105624134 0.019259259259259216