0 0.7176543209876542 0.1374417009602195 0.37283950617283934 0.274883401920439
0 0.6773251028806585 0.3597942386831276 0.33209876543209865 0.25305898491083667
0 0.8225925925925925 0.5441700960219479 0.3343621399176954 0.27167352537722905
0 0.6674691358024691 0.7616941015089163 0.35541152263374487 0.30328532235939665
0 0.18734567901234567 0.18450617283950616 0.3140123456790123 0.22992455418381347
0 0.1688991769547325 0.39031893004115226 0.30353909465020573 0.25805212620027435
0 0.18192386831275723 0.5949622770919067 0.315 0.23275034293552818
0 0.1833641975308642 0.7798593964334706 0.2625308641975309 0.202283950617284
0 0.43808641975308643 0.2214471879286694 0.27559670781893 0.2908230452674897
0 0.403179012345679 0.7310048010973936 0.2691152263374486 0.2904869684499313
0 0.5736522633744856 0.5718758573388203 0.2456995884773661 0.23563100137174214
0 0.40131687242798353 0.4610425240054869 0.2839917695473252 0.25241426611796985