0 0.6659259259259259 0.32795610425240057 0.2996296296296295 0.2314540466392318
0 0.5089814814814814 0.7973285322359396 0.3303086419753087 0.2764128943758574
0 0.23293209876543208 0.5251131687242798 0.33296296296296296 0.2747050754458163
0 0.46675925925925926 0.2539609053497942 0.285679012345679 0.22980795610425245
0 0.31925925925925924 0.3598079561042524 0.27586419753086416 0.22099451303155004
2 0.8223148148148147 0.7499074074074075 0.2911111111111112 0.21440329218107004
2 0.865 0.5943347050754458 0.2541975308641975 0.21433470507544586
2 0.3701234567901235 0.6867832647462278 0.3108641975308642 0.23388203017832648
2 0.6279012345679013 0.6503223593964336 0.30944444444444447 0.25410836762688616
0 0.5096296296296297 0.46794924554183814 0.2920987654320988 0.24305898491083683
2 0.7312345679012345 0.4840534979423869 0.24567901234567893 0.1972839506172839