0 0.20462962962962963 0.6990740740740741 0.24351851851851852 0.33287037037037037
0 0.4203703703703704 0.6546296296296297 0.2064814814814815 0.2967592592592593
0 0.6087962962962963 0.8 0.22361111111111112 0.325
0 0.7976851851851852 0.6342592592592593 0.2513888888888889 0.31574074074074077
0 0.20694444444444443 0.2 0.18611111111111112 0.2814814814814815
0 0.3990740740740741 0.17731481481481481 0.21388888888888888 0.27037037037037037
0 0.5930555555555556 0.1837962962962963 0.18888888888888888 0.2828703703703704
0 0.7671296296296296 0.17962962962962964 0.16574074074074074 0.23425925925925925
0 0.2662037037037037 0.43425925925925923 0.24861111111111112 0.24074074074074073
0 0.7430555555555556 0.3875 0.24861111111111112 0.23425925925925925
0 0.6101851851851852 0.5513888888888889 0.1986111111111111 0.21574074074074073
0 0.48842592592592593 0.39305555555555555 0.2111111111111111 0.2513888888888889