0 0.8727194787379973 0.43765432098765433 0.15096021947873814 0.18662551440329217
0 0.627914951989026 0.496176268861454 0.11769547325102879 0.1610768175582991
0 0.34677640603566523 0.4260116598079561 0.1249314128943758 0.15699588477366255
0 0.27815500685871053 0.5912551440329218 0.13137860082304528 0.1814814814814815
0 0.5910836762688615 0.20365226337448558 0.12451989026063083 0.1708161865569273
0 0.2473079561042524 0.24722222222222223 0.12842935528120714 0.17664609053497948
0 0.7843792866941014 0.03909465020576131 0.129869684499314 0.07818930041152262
0 0.1083676268861454 0.48173868312757206 0.1287037037037037 0.15912208504801087
0 0.4984396433470507 0.39713648834019205 0.10658436213991768 0.13532235939643347
0 0.7682956104252401 0.33815157750342933 0.12325102880658434 0.1614883401920439
0 0.30310356652949244 0.12424554183813444 0.12561728395061725 0.1505829903978052
0 0.09583333333333334 0.1809156378600823 0.11817558299039779 0.14910836762688612
0 0.1128772290809328 0.2901406035665295 0.10785322359396432 0.14465020576131693
0 0.06313443072702332 0.6141460905349795 0.08377914951989025 0.167798353909465
0 0.7195301783264746 0.17463991769547324 0.12311385459533615 0.15778463648834018
0 0.9102709190672154 0.06122256515775034 0.11080246913580233 0.12244513031550068
0 0.6897805212620028 0.06214849108367627 0.12105624142661192 0.12429698216735253
0 0.028240740740740743 0.17338820301783264 0.04941700960219479 0.16248285322359396