0 0.85 0.48842592592592593 0.125 0.15787037037037038
0 0.611574074074074 0.4703703703703704 0.09537037037037037 0.1375
0 0.35648148148148145 0.5805555555555556 0.10324074074074074 0.13287037037037036
0 0.27037037037037037 0.4361111111111111 0.10648148148148148 0.15648148148148147
0 0.611574074074074 0.7532407407407408 0.10138888888888889 0.14675925925925926
0 0.28194444444444444 0.7648148148148148 0.10462962962962963 0.15138888888888888
0 0.8180555555555555 0.9162037037037037 0.10787037037037037 0.13287037037037036
0 0.125 0.5638888888888889 0.10648148148148148 0.13425925925925927
0 0.5013888888888889 0.5842592592592593 0.0875 0.11574074074074074
0 0.763425925925926 0.5986111111111111 0.10138888888888889 0.1375
0 0.3509259259259259 0.8740740740740741 0.10462962962962963 0.12638888888888888
0 0.1486111111111111 0.850925925925926 0.09675925925925925 0.12638888888888888
0 0.15 0.7444444444444445 0.0875 0.12361111111111112
0 0.047685185185185185 0.44537037037037036 0.09537037037037037 0.15
0 0.736574074074074 0.7611111111111111 0.10138888888888889 0.13425925925925927
0 0.9314814814814815 0.8513888888888889 0.09074074074074075 0.12824074074074074
0 0.7236111111111111 0.8851851851851852 0.1 0.12962962962962962
0 0.05 0.8685185185185185 0.09675925925925925 0.14675925925925926