0 0.8074245541838134 0.8802709190672153 0.2610768175582991 0.2394581618655694
0 0.8535665294924554 0.6086145404663923 0.27181069958847726 0.36771604938271596
0 0.8794067215363511 0.26578875171467764 0.2411865569272977 0.3832373113854596
0 0.5967421124828532 0.8653223593964334 0.25281207133058975 0.2693552812071331
0 0.6283950617283951 0.5756652949245542 0.28799725651577496 0.37998628257887523
0 0.6699074074074074 0.22230795610425239 0.302400548696845 0.39408093278463646
0 0.3869170096021947 0.8501320301783265 0.2490740740740741 0.2997359396433471
0 0.405761316872428 0.5612620027434843 0.25960219478737995 0.33792181069958843
0 0.180761316872428 0.8202846364883402 0.2511659807956104 0.31003429355281215
0 0.1895233196159122 0.5071604938271606 0.2799382716049382 0.3622839506172839
2 0.2117798353909465 0.18359396433470507 0.2561728395061728 0.3452743484224966
2 0.4310185185185185 0.23126200274348424 0.28799725651577496 0.3799862825788752