0 0.35493827160493824 0.6180418381344307 0.17592592592592593 0.23848422496570645
0 0.7291666666666666 0.3645679012345679 0.21518518518518526 0.2584910836762689
0 0.44330246913580246 0.18482510288065843 0.21259259259259272 0.2612277091906722
0 0.2539197530864198 0.4582681755829904 0.1759876543209876 0.22553497942386833
0 0.31802469135802475 0.3006824417009602 0.16993827160493824 0.21804526748971187
2 0.7461728395061727 0.6544170096021947 0.16166666666666657 0.2327229080932785
2 0.6205864197530865 0.7308882030178326 0.16679012345679 0.19857338820301776
2 0.6082716049382717 0.26811385459533604 0.17753086419753067 0.24868312757201647
2 0.6245679012345678 0.5056069958847736 0.19561728395061728 0.24247599451303156
0 0.4454320987654321 0.4461625514403293 0.18919753086419758 0.22943072702331957
2 0.500895061728395 0.6385871056241427 0.15259259259259256 0.19373799725651575